#0 Interferenz		
#mm	    nA

14.0	14
13.0	34
12.0	95
11.0	237
10.0	595
9.0	    1010
8.0	    1500
7.5	    1610
7.0	    1940
6.5	    1950
6.0	    1950
5.5	    1890
5.0	    1700
4.5	    1420
4.0	    1150
3.5	    510
3.0	    310
2.75	240
2.0	    59
1.0	    12


#1 Draht	
#mm	nA

6.0	    29
5.0	    55
4.0	    88
3.0	    150
2.0	    190
1.5	    210
1.0	    224
0.5	    240
0.0	    237
-0.5	177
-1.0	136
-2.0	96
-3.0	31
-3.5	11
-4.0	2


#2
-4.5	2
-5.0	9
-5.5	17
-6.0	28
-7.0	40
-8.0	56
-8.5	51
-9.0	39
-10.0	28
-11.0	13
-12.0	5


#3 Polarisation
#Grad°	microA

0	32.7
10	44.7
20	58.0
30	65.8
40	73.4
50	70.3
60	68.3
70	60.1
80	51.8
90	37.9
100	26.9
110	15.2
120	6.6
130	1.3
140	0.2
150	3.2
160	9.8
170	20.0
180	32.8



#4 Spiegelabstand	
#Konkav-konkav	
#cm	microA

50.4	32.0
72	    30.0
79	    32.0
85	    33.0
90	    31.0
96	    30.0
101	    27.0
112	    13.0
123	    13.0
137	    21.0
143	    6.0
151	    4.7
155	    5.7
159	    6.2
166	    4.2
173	    2.0
176	    1.0


#5 Konkav-flach	
#cm	microA

44.0	26.0
53.0	13.0
55.0	16.0
57.0	7.9
57.5	4.5
59.5	3.5
63.0	4.0

