#0erster Datensatz
-61.1   0.05
-59.1   0.01
-55.6   0.04
-53.5   0.50
-52.2   0.70
-50.6   2.50
-48.5   3.00
-46.6   3.30
-44.7   3.50
-42.9   3.50
-41.1   3.50
-39.5   4.00
-37.8   3.50
-36.2   4.00
-34.4   3.90
-32.7   4.20
-30.9   4.00
-29.1   4.20
-27.2   4.10
-25.2   4.10
-23.1   4.20
-21.0   4.30
-18.9   4.20
-16.9   4.00
-14.7   4.10
-13.0   4.00
-11.2   3.90
-5.3    4.10
-7.6    3.50
-5.8    3.50
-4.1    3.40
-2.2    3.20
-0.1    3.00
2.2     2.80
4.5     2.20
6.6     2.30
8.3     2.00
10.0    1.80
11.8    1.30
14.0    1.20
16.3    0.50
18.7    0.00
20.8    0.00
22.9    0.01
24.9    0.12
26.9    0.14
28.8    0.15
30.6    0.20
32.5    0.25
34.5    0.33
36.6    0.41
38.7    0.50
40.8    0.62
42.8    0.75
44.7    0.92



#1Sec1 für Fit
-61.1   0.05
-59.1   0.01
-55.6   0.04
18.7    0.00
20.8    0.00
22.9    0.01
24.9    0.12
26.9    0.14
28.8    0.15




#2fit 2
-50.6   2.50
-48.5   3.00
-46.6   3.30
-44.7   3.50
-42.9   3.50
-41.1   3.50
-39.5   4.00
-37.8   3.50
-36.2   4.00
-34.4   3.90
-32.7   4.20
-30.9   4.00
-29.1   4.20
-27.2   4.10
-25.2   4.10
-23.1   4.20
-21.0   4.30
-18.9   4.20
-16.9   4.00
-14.7   4.10
-13.0   4.00
-11.2   3.90




#3sec2 zweiter Datensatz
-58.9   3.00
-56.0   4.90
-49.3   5.20
-41.3   5.60
-35.1   6.00
-30.3   6.10
-26.2   6.10
-22.1   6.10
-17.7   6.10
-12.9   6.30
-7.9    6.20
-2.9    6.20
2.0     6.10
6.9     6.00
11.9    6.00
16.7    5.80
21.7    5.70
26.7    5.60
31.7    5.40
36.7    5.30
41.5    5.20
46.3    5.00
51.6    4.80
57.0    4.20
62.1    3.70
66.9    2.70
71.4    1.30
76.0    0.60
80.8    0.60
85.9    0.65
90.8    1.00



#4fit
76.0	0.60
80.8	0.60
85.9	0.65
90.8	1.00




#5fit2
-56.0   4.90
-49.3   5.20
-41.3   5.60
-35.1   6.00
-30.3   6.10
-26.2   6.10
-22.1   6.10
-17.7   6.10
-12.9   6.30

