#0erster Datensatz
-59.1   0.01
-55.6   0.04
-53.5   0.50
-52.2   0.70
-50.6   2.50
-48.5   3.00
-46.6   3.30
-44.7   3.50
-42.9   3.50
-41.1   3.50
-39.5   4.00
-37.8   3.50
-36.2   4.00
-34.4   3.90
-32.7   4.20
-30.9   4.00
-29.1   4.20
-27.2   4.10
-25.2   4.10
-23.1   4.20
-21.0   4.30
-18.9   4.20
-16.9   4.00
-14.7   4.10
-13.0   4.00
-11.2   3.90
-5.3    4.10
-7.6    3.50
-5.8    3.50
-4.1    3.40
-2.2    3.20
-0.1    3.00
2.2     2.80
4.5     2.20
6.6     2.30
8.3     2.00
10.0    1.80
11.8    1.30
14.0    1.20
16.3    0.50
18.7    0.00
#3sec2 zweiter Datensatz
-58.9   3.00
-56.0   4.90
-49.3   5.20
-41.3   5.60
-35.1   6.00
-30.3   6.10
-26.2   6.10
-22.1   6.10
-17.7   6.10
-12.9   6.30
-7.9    6.20
-2.9    6.20
2.0     6.10
6.9     6.00
11.9    6.00
16.7    5.80
21.7    5.70
26.7    5.60
31.7    5.40
36.7    5.30
41.5    5.20
46.3    5.00
51.6    4.80
57.0    4.20
62.1    3.70
66.9    2.70
71.4    1.30
76.0    0.60
